n_media = 65
n_segments = 16


A = [
     [20699, 5520, 7359, 24685, 9199, 18245, 93680, 7513, 32044, 1533, 4446, 6900, 14106, 1687, 10119, 21925, 2760, 9659, 45537, 13186, 145503, 65009, 104106, 75128, 7053, 22385, 19472, 4753, 8586, 19625, 8586, 15026, 1840, 4446, 7206, 2913, 9046, 1380, 5213, 2453, 5366, 2606, 613, 920, 1073, 7359, 60102, 24378, 66695, 5520, 24532, 11346, 32351, 2147, 10733, 5366, 11652, 153, 767, 1533, 4600, 460, 460, 767, 1227], #Hombres 14-19 (población 1.533.223)
     [50052, 15059, 20652, 47901, 1578, 2868, 68122, 47614, 102829, 12047, 4302, 7458, 3299, 1721, 8748, 22086, 2725, 10326, 13624, 4159, 125632, 52777, 12047, 15059, 9179, 27249, 16780, 1578, 19361, 11760, 6023, 20508, 1291, 5020, 8462, 3442, 4016, 717, 6167, 2725, 4446, 3299, 574, 1147, 1147, 8031, 81890, 37862, 82751, 2581, 16493, 8605, 22373, 1147, 9322, 8605, 8318, 2725, 6023, 11043, 11760, 2581, 717, 3155, 3155], #Mujeres 14-19 (población 1.434.153)
     [22983, 5931, 9144, 25702, 10503, 23848, 73151, 12480, 33857, 2224, 5808, 7414, 14457, 2718, 12974, 21006, 2842, 13716, 36205, 11862, 125420, 68827, 98359, 59806, 5684, 28667, 18535, 3707, 12233, 24219, 8650, 13963, 1853, 3336, 4572, 2842, 8526, 989, 4078, 2224, 4819, 2471, 618, 989, 989, 7290, 49303, 19894, 51280, 4819, 18535, 9267, 26073, 2595, 9020, 5560, 10503, 124, 989, 989, 3089, 371, 247, 494, 371], #Hombres 20- (poblacion 1.235.665)
     [51410, 17137, 20284, 56306, 3381, 3730, 49078, 44182, 81603, 16554, 6295, 4780, 2565, 2914, 9093, 17020, 1865, 10492, 10142, 2681, 112495, 62251, 12124, 10492, 4197, 26579, 17836, 1282, 11891, 14339, 6761, 16321, 1515, 5712, 7577, 1982, 3031, 350, 5479, 2798, 3381, 2798, 583, 583, 933, 8627, 63650, 33457, 65865, 2681, 12823, 7927, 17603, 1166, 7694, 6295, 6878, 2098, 5013, 7577, 9676, 1049, 233, 1982, 1632], #Mujeres 20-24 (poblacion 1.165.753)
     [30616, 8182, 11877, 46452, 19267, 46188, 109796, 13461, 31672, 7126, 17420, 16628, 44341, 7654, 32464, 39326, 6862, 25602, 94752, 22962, 310385, 147539, 278450, 149122, 15572, 43021, 50411, 9502, 20851, 50675, 25074, 29561, 4223, 9238, 9502, 7390, 22170, 4751, 10821, 5279, 11085, 5807, 1056, 2903, 2903, 11877, 101350, 41701, 116658, 11085, 42493, 19267, 61233, 4223, 15044, 7126, 18475, 264, 1320, 2375, 6334, 1320, 792, 1056, 1056], #Hombre 25-34 (poblacion 2.639.332)
     [89513, 33470, 43070, 99631, 8562, 11157, 81210, 75761, 112085, 23611, 18940, 13751, 15827, 3892, 22054, 36324, 4670, 21535, 26465, 8303, 270613, 158269 ,30097, 31654, 12713, 45405 ,26724, 6746, 20238, 37881, 16605, 35286, 4151, 14789, 16865, 5189, 9340, 778, 12194, 5968, 8562, 7265, 1297, 1816, 2335, 17124, 129728, 68237, 156712, 5968, 27762, 14530, 44367, 2076, 11676, 9859, 15048, 3373, 7784, 16865, 26724, 1557, 1038, 4151, 4411], #Mujeres 25-34 (poblacion 2.594.568)
     [35352, 15250, 20102, 66198, 42977, 46096, 132050, 18023, 28420, 7278, 28420, 25994, 61000, 6239, 45057, 66198, 12131, 38471, 138289, 38818, 494235, 221470, 379861 ,221470, 36045, 56494, 72090, 29460, 25994, 64465, 42630, 34659, 8665, 15596, 18023, 18023, 47483, 9011, 12824, 9011, 17676, 10051, 1733, 2773, 3119, 17676, 155965, 64812, 193396, 16636, 61346, 30500, 104670, 4159, 17329, 10051, 23915, 347, 2080, 4506, 11091, 1386, 1386, 2773, 2426], #Hombres 35-44 (poblacion 3.465.885)
     [130152, 53592, 64380, 169824, 14964, 9048, 89784, 76908, 85608, 31320, 24708, 18096, 10788, 6264, 27840, 51504, 10440, 24708, 27144, 8352, 363311, 168432, 30624, 21924, 16008, 54288, 39324, 5916, 28536, 41064, 30276, 43152, 7656, 21924, 28884, 10092, 17052, 1740, 13920, 10092 ,13572, 11484, 1740, 4176, 4524, 23664, 169824, 107880, 246731, 9048, 37236, 23316, 70992, 2436, 12180, 9396, 12528, 4176, 8352, 22968, 35496, 2784, 2088, 6612, 4524], #Mujeres 35-44 (poblacion 3.479.991)
     [47274, 20755, 24214, 99929, 26904, 30363, 159118, 22292, 26135, 5765, 32669, 43046, 54192, 5765, 66107, 83018, 16142, 40356, 129908, 38050, 531931, 220229, 336300, 179488, 67260, 58804, 75331, 44584, 24214, 72256, 62648, 28826, 14989, 19986, 20755, 35744, 68797, 8456, 9224, 15374, 23445, 15758, 2690, 5765, 5381, 20370, 184485, 101851, 257510, 21139, 83402, 43815, 128371, 3075, 13836, 13452, 24214, 384, 2690, 7303, 15374, 769, 769, 1922, 2306], #Hombres 45-54 (poblacion 3.843.430)
     [173321, 66809, 80934, 217987, 11453, 6490, 92769, 69481, 67572, 45812, 33595, 28632, 8781, 4199, 36268, 64518, 9926, 32832, 26724, 8781, 367639, 201953, 25960, 15271, 31305, 63755, 38176, 6490, 20615, 49248, 44666, 35504, 10308, 25196, 29396, 23669, 34741, 1145, 10308, 16798, 20615, 20234, 2291, 6108, 6872, 30541, 229822, 175230, 332898, 10308, 53065, 35504, 98113, 2291, 11835, 12216, 15271, 6490, 11835, 36268, 53829, 2291, 1527, 3818, 3818], #Mujeres 45-54 (poblacion 3.817.643)
     [41751, 24222, 28047, 87327, 14661, 14661, 127166, 12430, 17529, 8287, 26134, 48125, 53862, 5099, 69479, 96888, 15617, 38883, 115055, 36652, 417194, 151707, 256563, 108681, 48444, 44301, 62786, 36333, 18167, 50994, 61511, 15936, 8287, 14661, 11792, 26772, 53862, 3506, 5737, 11474, 21672, 17210, 2868, 7012, 4781, 22310, 205250, 105175, 254332, 21672, 86371, 45257, 116011, 3506, 13067, 11155, 17848, 637, 2868, 8287, 14342, 956, 319, 956, 1275], #Hombres 55-64 (poblacion 3.187.118)
     [139366, 56545, 68186, 214205, 7650, 5322, 68186, 39914, 54882, 35590, 24614, 22285, 9978, 3659, 31599, 63197, 10311, 37253, 23283, 8981, 286382, 137703, 16963, 8315, 25611, 45568, 21620, 4657, 14302, 37586, 58873, 16631, 4989, 17629, 14968, 21287, 34259, 665, 4324, 11309, 22951, 22951, 2994, 7318, 5987, 30601, 255116, 203561, 338270, 11309, 59871, 39581, 96791, 1663, 10644, 10976, 13637, 5654, 14302, 43905, 57543, 998, 998, 2661, 2328], #Mujeres 55-64 (poblacion 3.326.160)
     [27671, 17406, 16960, 72748, 6471, 4463, 63153, 513, 6471, 3124, 20084, 31465, 38159, 2678, 37490, 69847, 11158, 29679, 65384, 21200, 237882, 86584, 124966, 58913, 24547, 20976, 24101, 14951, 6471, 23208, 48871, 5802, 2901, 6471, 4686, 17183, 37713, 1785, 1785, 4017, 16067, 14951, 2232, 6918, 3794, 18075, 174060, 97965, 191020, 18522, 72748, 39052, 86361, 1562, 7810, 7141, 10711, 446, 2232, 6471, 11158, 446, 223, 893, 893], #Hombres 65-74 (poblacion 2.231.539)
     [91772, 36709, 50286, 199636, 2011, 2011, 36457, 14583, 21623, 14583, 14080, 24137, 6034, 754, 22377, 39978, 7794, 22629, 15337, 5783, 125464, 69144, 8046, 3269, 8297, 19360, 6034, 2514, 4777, 18103, 45258, 5280, 1257, 8046, 4526, 13577, 29669, 503, 1257, 3269, 20617, 19612, 3017, 7794, 5783, 28160, 233579, 191339, 271545, 9052, 51292, 36457, 76686, 1760, 9052, 8297, 9303, 5029, 15086, 40229, 49783, 754, 1257, 2514, 1509], #Mujeres 65-74 (poblacion 2.514.310)
     [20854, 12399, 14654, 86045, 2630, 1691, 25363, 1691, 4133, 2630, 8454, 38514, 20478, 939, 21793, 35508, 6951, 19726, 44338, 18411, 83791, 28556, 44150, 21229, 7703, 8830, 7515, 4697, 2630, 8266, 25550, 2067, 751, 3006, 2254, 8078, 28932, 939, 751, 1127, 13902, 15405, 2630, 8266, 2442, 18036, 167017, 103329, 170023, 18224, 69512, 39829, 73270, 1315, 6951, 5448, 7891, 376, 2254, 5824, 8078, 376, 188, 376, 376], #Hombres 75+ (poblacion 1.878.712)
     [109114, 48777, 59209, 269542, 1410, 564, 17199, 10714, 18609, 15789, 11560, 23120, 5357, 282, 16071, 25657, 6485, 24811, 13533, 7613, 68795, 37781, 3101, 4793, 4229, 10150, 1974, 0, 2256, 7331, 33834, 3101, 564, 4511, 2538, 10714, 32142, 282, 846, 1128, 25093, 21146, 3665, 10432, 5921, 37217, 319165, 243321, 310142, 11278, 61183, 42856, 85430, 1410, 6767, 6485, 6767, 5357, 16353, 45112, 48495, 1410, 564, 2256, 1128] #Mujeres 75+ (poblacion 2.819.476)
     ]   

c = [20125, 10745, 11725, 18430, 5775, 10500, 19050, 16625, 19900, 19850, #Costes Revistas
     37875, 23811, 15350, 7200, 37200, 46775, 16680, 27500, 28100, 8225, #Costes Periodicos
     37000, 25000, 37000, 25000, 19980, 57400, 25000, 18000, 11100, 22960, #Costes Webs
     8500, 4616, 2292, 3711, 4086, 6823, 7645, 1082, 3251, 3091, #Costes Radio
     4183, 3091, 454, 1226, 502, #Costes TV Regional
     1833, 10150, 8000, 19143, 1290, 3500, 3100, 11000, 1250, 2100, 2000, 3600, 192, 1100, 1625, 2814, 560, 1050, 1195, 1870] #Costes TV Nacional (Franjas ordenadas)

#minimum impressions that we want to achieve for each segment of the population
b = [0.7*1163257, #Up to 1163257 -> Men 14-19
     0.7*136713, #Up to 1136713 -> Women 14-19
     0.7*1076014, #Up to 1076014 -> Men 20-24
     0.7*1008728, #Up to 1008728 -> Women 20-24
     0.5*2324988, #Up to 2324988 -> Men 25-34
     0.5*2101601, #Up to 2101601 -> Women 25-34
     0.35*3451674, #Up to 3451674 -> Men 35-44
     0.35*2737366, #Up to 2737366 -> Women 35-44
     0.2*3847274, #Up to 3847274 -> Men 45-54
     0.2*3322117, #Up to 3322117 -> Women 45-54
     0.2*3275720, #Up to 3275720 -> Men 55-64
     0.2*2971257, #v 2971257 -> Women 55-64
     0*2091688, #Up to 2091688 -> Men 65-74
     0*2105730, #Up to 2105730 -> Women 65-74
     0*1419362, #Up to 1419362 -> Men 75+
     0*2234439] #Up to 2234439 -> Women 75+
